1431	524	7
0.0	-0.7601821422576904	-1.0	0.7910350561141968	0.37912726402282715	1.0	6	0.0	0	0.0	0	0.09801729023456573	0.0	-0.9951847195625305	-0.9951847195625305	0.0	-0.09801729023456573	0.0	1.0	0.0
0.19509032368659973	-1.0	-0.9807852506637573	0.7799328565597534	0.36554545164108276	1.0	6	0.0	0	0.0	0	0.09801729023456573	0.0	-0.9951847195625305	-0.9951847195625305	0.0	-0.09801729023456573	0.0	1.0	0.0
0.0	-1.0	-1.0	0.7910350561141968	0.36554545164108276	1.0	6	0.0	0	0.0	0	0.09801729023456573	0.0	-0.9951847195625305	-0.9951847195625305	0.0	-0.09801729023456573	0.0	1.0	0.0
0.19509032368659973	-0.7601821422576904	-0.9807852506637573	0.48991188406944275	0.7794175744056702	1.0	6	0.0	0	0.0	0	0.290284663438797	0.0	-0.9569404125213623	-0.9569402933120728	0.0	-0.2902846336364746	0.0	1.0	0.0
0.3826834559440613	-1.0	-0.9238795042037964	0.4788096845149994	0.7658357620239258	1.0	6	0.0	0	0.0	0	0.290284663438797	0.0	-0.9569404125213623	-0.9569402933120728	0.0	-0.2902846336364746	0.0	1.0	0.0
0.19509032368659973	-1.0	-0.9807852506637573	0.48991188406944275	0.7658357620239258	1.0	6	0.0	0	0.0	0	0.290284663438797	0.0	-0.9569404125213623	-0.9569403529167175	0.0	-0.290284663438797	0.0	1.0	0.0
0.3826834559440613	-0.7601821422576904	-0.9238795042037964	0.5030462145805359	0.765835702419281	1.0	6	0.0	0	0.0	0	0.47139671444892883	0.0	-0.8819212913513184	0.8819212913513184	0.0	0.47139671444892883	0.0	-1.0	0.0
0.5555702447891235	-1.0	-0.8314695954322815	0.5141484141349792	0.7794175148010254	1.0	6	0.0	0	0.0	0	0.47139671444892883	0.0	-0.8819212913513184	0.8819212913513184	0.0	0.47139671444892883	0.0	-1.0	0.0
0.3826834559440613	-1.0	-0.9238795042037964	0.5030462145805359	0.7794175148010254	1.0	6	0.0	0	0.0	0	0.47139671444892883	0.0	-0.8819212913513184	0.8819212913513184	0.0	0.47139671444892883	0.0	-1.0	0.0
0.5555702447891235	-0.7601821422576904	-0.8314695954322815	0.5262666344642639	0.7940154671669006	1.0	6	0.0	0	0.0	0	0.6343933343887329	0.0	-0.7730104327201843	-0.7730104327201843	0.0	-0.6343932747840881	0.0	1.0	0.0
0.7071067690849304	-1.0	-0.7071067690849304	0.5151644349098206	0.7804336547851562	1.0	6	0.0	0	0.0	0	0.6343933343887329	0.0	-0.7730104327201843	-0.7730104923248291	0.0	-0.6343933343887329	0.0	1.0	0.0
0.5555702447891235	-1.0	-0.8314695954322815	0.5262666344642639	0.7804336547851562	1.0	6	0.0	0	0.0	0	0.6343933343887329	0.0	-0.7730104327201843	-0.7730104327201843	0.0	-0.6343932747840881	0.0	1.0	0.0
0.7071067690849304	-0.7601821422576904	-0.7071067690849304	0.6055485010147095	0.920376718044281	1.0	6	0.0	0	0.0	0	0.7730104327201843	0.0	-0.6343933343887329	-0.6222038269042969	0.19508875906467438	-0.7581574320793152	0.12376300990581512	0.9807855486869812	0.15080565214157104
0.8314695954322815	-1.0	-0.5555702447891235	0.592009961605072	0.9092217683792114	1.0	6	0.0	0	0.0	0	0.7730104327201843	0.0	-0.6343933343887329	-0.6222038865089417	0.19508880376815796	-0.75815749168396	0.12376303970813751	0.980785608291626	0.15080568194389343
0.7071067690849304	-1.0	-0.7071067690849304	0.6028988361358643	0.9070558547973633	1.0	6	0.0	0	0.0	0	0.7730104327201843	0.0	-0.6343933343887329	-0.6222038269042969	0.19508878886699677	-0.75815749168396	0.12376302480697632	0.980785608291626	0.15080566704273224
0.8314695954322815	-0.7601821422576904	-0.5555702447891235	0.592009961605072	0.9228036403656006	1.0	6	0.0	0	0.0	0	0.8819212913513184	0.0	-0.47139671444892883	-0.4713967442512512	0.0	-0.8819212913513184	0.0	1.0	0.0
0.9238795042037964	-1.0	-0.3826834559440613	0.5809077620506287	0.9092217683792114	0	0	0	0	0	0	0.8819212913513184	0.0	-0.47139671444892883	-0.4713967442512512	0.0	-0.8819212913513184	0.0	1.0	0.0
0.8314695954322815	-1.0	-0.5555702447891235	0.592009961605072	0.9092217683792114	1.0	6	0.0	0	0.0	0	0.8819212913513184	0.0	-0.47139671444892883	-0.47139671444892883	0.0	-0.8819212913513184	0.0	1.0	0.0
0.9238795042037964	-0.7601821422576904	-0.3826834559440613	0.5782580971717834	0.9225426316261292	1.0	6	0.0	0	0.0	0	0.9569404125213623	0.0	-0.290284663438797	-0.2847069799900055	-0.19508880376815796	-0.9385532736778259	-0.056631289422512054	0.980785608291626	-0.1866883486509323
0.9807852506637573	-1.0	-0.19509032368659973	0.5700188875198364	0.9070558547973633	1.0	6	0.0	0	0.0	0	0.9569404125213623	0.0	-0.290284663438797	-0.2847069799900055	-0.19508880376815796	-0.9385532736778259	-0.056631289422512054	0.980785608291626	-0.1866883486509323
0.9238795042037964	-1.0	-0.3826834559440613	0.5809077620506287	0.9092217683792114	0	0	0	0	0	0	0.9569404125213623	0.0	-0.290284663438797	-0.2847069799900055	-0.19508884847164154	-0.9385532736778259	-0.05663130059838295	0.980785608291626	-0.1866883933544159
0.9807852506637573	-0.7601821422576904	-0.19509032368659973	0.5648213624954224	0.9196038246154785	1.0	6	0.0	0	0.0	0	0.9951847195625305	0.0	-0.09801729023456573	-0.09055618196725845	-0.3826829791069031	-0.9194309711456299	-0.03750954940915108	0.9238797426223755	-0.3808402419090271
1.0	-1.0	0.0	0.5597618222236633	0.9028072357177734	1.0	6	0.0	0	0.0	0	0.9951847195625305	0.0	-0.09801729023456573	-0.09055618941783905	-0.38268306851387024	-0.9194310307502747	-0.037509553134441376	0.9238796830177307	-0.3808402717113495
0.9807852506637573	-1.0	-0.19509032368659973	0.5700188875198364	0.9070558547973633	1.0	6	0.0	0	0.0	0	0.9951847195625305	0.0	-0.09801729023456573	-0.09055618196725845	-0.3826829791069031	-0.9194309115409851	-0.03750954940915108	0.9238796830177307	-0.3808402419090271
1.0	-0.7601821422576904	0.0	0.552216112613678	0.9141001105308533	1.0	6	0.0	0	0.0	0	0.9951847195625305	0.0	0.09801729023456573	0.08149831742048264	-0.5555714964866638	-0.8274650573730469	0.05445561185479164	0.8314688205718994	-0.55289626121521
0.9807852506637573	-1.0	0.19509032368659973	0.5505306720733643	0.8966391682624817	1.0	6	0.0	0	0.0	0	0.9951847195625305	0.0	0.09801729023456573	0.08149831742048264	-0.5555715560913086	-0.8274649977684021	0.05445561185479164	0.8314687013626099	-0.55289626121521
1.0	-1.0	0.0	0.5597618222236633	0.9028072357177734	1.0	6	0.0	0	0.0	0	0.9951847195625305	0.0	0.09801729023456573	0.08149831742048264	-0.5555715560913086	-0.8274650573730469	0.05445561930537224	0.8314688205718994	-0.5528963208198547
0.9807852506637573	-0.7601821422576904	0.19509032368659973	0.5409268736839294	0.9062429666519165	1.0	6	0.0	0	0.0	0	0.9569404125213623	0.0	0.290284663438797	0.20526257157325745	-0.7071057558059692	-0.6766600608825684	0.2052619308233261	0.7071078419685364	-0.6766579747200012
0.9238795042037964	-1.0	0.3826834559440613	0.5426802039146423	0.8887887597084045	1.0	6	0.0	0	0.0	0	0.9569404125213623	0.0	0.290284663438797	0.20526257157325745	-0.7071057558059692	-0.6766600608825684	0.2052619308233261	0.7071078419685364	-0.6766579747200012
0.9807852506637573	-1.0	0.19509032368659973	0.5505306720733643	0.8966391682624817	1.0	6	0.0	0	0.0	0	0.9569404125213623	0.0	0.290284663438797	0.20526258647441864	-0.7071057558059692	-0.6766600608825684	0.2052619457244873	0.7071078419685364	-0.6766579747200012
0.9238795042037964	-0.7601821422576904	0.3826834559440613	0.8031532764434814	0.37912729382514954	1.0	6	0.0	0	0.0	0	0.8819212913513184	0.0	0.47139671444892883	0.47139668464660645	0.0	-0.8819212913513184	0.0	1.0	0.0
0.8314695954322815	-1.0	0.5555702447891235	0.7920510768890381	0.36554545164108276	1.0	6	0.0	0	0.0	0	0.8819212913513184	0.0	0.47139671444892883	0.47139671444892883	0.0	-0.8819212913513184	0.0	1.0	0.0
0.9238795042037964	-1.0	0.3826834559440613	0.8031532764434814	0.36554545164108276	1.0	6	0.0	0	0.0	0	0.8819212913513184	0.0	0.47139671444892883	0.47139668464660645	0.0	-0.8819212913513184	0.0	1.0	0.0
0.8314695954322815	-0.7601821422576904	0.5555702447891235	0.5141483545303345	0.7356238961219788	1.0	6	0.0	0	0.0	0	0.7730104327201843	0.0	0.6343933343887329	0.6343933343887329	0.0	-0.7730104327201843	0.0	1.0	0.0
0.7071067690849304	-1.0	0.7071067690849304	0.5030461549758911	0.7220420241355896	1.0	6	0.0	0	0.0	0	0.7730104327201843	0.0	0.6343933343887329	0.6343933343887329	0.0	-0.7730104327201843	0.0	1.0	0.0
0.8314695954322815	-1.0	0.5555702447891235	0.5141483545303345	0.7220420241355896	1.0	6	0.0	0	0.0	0	0.7730104327201843	0.0	0.6343933343887329	0.6343933343887329	0.0	-0.7730104327201843	0.0	1.0	0.0
0.7071067690849304	-0.7601821422576904	0.7071067690849304	0.7910351157188416	0.39372518658638	1.0	6	0.0	0	0.0	0	0.6343933343887329	0.0	0.7730104327201843	0.7730104327201843	0.0	-0.6343933343887329	0.0	1.0	0.0
0.5555702447891235	-1.0	0.8314695954322815	0.7799329161643982	0.38014334440231323	1.0	6	0.0	0	0.0	0	0.6343933343887329	0.0	0.7730104327201843	0.7730104923248291	0.0	-0.6343933939933777	0.0	1.0	0.0
0.7071067690849304	-1.0	0.7071067690849304	0.7910351157188416	0.38014334440231323	1.0	6	0.0	0	0.0	0	0.6343933343887329	0.0	0.7730104327201843	0.7730104327201843	0.0	-0.6343933343887329	0.0	1.0	0.0
0.5555702447891235	-0.7601821422576904	0.8314695954322815	0.4535570740699768	0.7940155267715454	1.0	6	0.0	0	0.0	0	0.47139671444892883	0.0	0.8819212913513184	0.8819212913513184	0.0	-0.47139671444892883	0.0	1.0	0.0
0.3826834559440613	-1.0	0.9238795042037964	0.44245484471321106	0.7804336547851562	1.0	6	0.0	0	0.0	0	0.47139671444892883	0.0	0.8819212913513184	0.8819212913513184	0.0	-0.47139671444892883	0.0	1.0	0.0
0.5555702447891235	-1.0	0.8314695954322815	0.4535570442676544	0.7804336547851562	1.0	6	0.0	0	0.0	0	0.47139671444892883	0.0	0.8819212913513184	0.8819212913513184	0.0	-0.47139671444892883	0.0	1.0	0.0
0.3826834559440613	-0.7601821422576904	0.9238795042037964	0.5020301342010498	0.7940154671669006	1.0	6	0.0	0	0.0	0	0.290284663438797	0.0	0.9569404125213623	0.9569402933120728	0.0	-0.2902846336364746	0.0	1.0	0.0
0.19509032368659973	-1.0	0.9807852506637573	0.49092796444892883	0.7804336547851562	1.0	6	0.0	0	0.0	0	0.290284663438797	0.0	0.9569404125213623	0.9569402933120728	0.0	-0.2902846336364746	0.0	1.0	0.0
0.3826834559440613	-1.0	0.9238795042037964	0.5020301342010498	0.7804336547851562	1.0	6	0.0	0	0.0	0	0.290284663438797	0.0	0.9569404125213623	0.9569403529167175	0.0	-0.290284663438797	0.0	1.0	0.0
0.19509032368659973	-0.7601821422576904	0.9807852506637573	0.5141484141349792	0.7940154671669006	1.0	6	0.0	0	0.0	0	0.09801729023456573	0.0	0.9951847195625305	0.9951847195625305	0.0	-0.09801729023456573	0.0	1.0	0.0
0.0	-1.0	1.0	0.5030462145805359	0.7804335951805115	1.0	6	0.0	0	0.0	0	0.09801729023456573	0.0	0.9951847195625305	0.9951847791671753	0.0	-0.09801729768514633	0.0	1.0	0.0
0.19509032368659973	-1.0	0.9807852506637573	0.5141484141349792	0.7804335951805115	1.0	6	0.0	0	0.0	0	0.09801729023456573	0.0	0.9951847195625305	0.9951847791671753	0.0	-0.09801729768514633	0.0	1.0	0.0
0.0	-0.7601821422576904	1.0	0.8031532764434814	0.39372518658638	1.0	6	0.0	0	0.0	0	-0.09801729023456573	0.0	0.9951847195625305	0.9951847195625305	0.0	0.09801729023456573	0.0	1.0	0.0
-0.19509032368659973	-1.0	0.9807852506637573	0.7920510768890381	0.38014334440231323	1.0	6	0.0	0	0.0	0	-0.09801729023456573	0.0	0.9951847195625305	0.9951847791671753	0.0	0.09801729768514633	0.0	1.0	0.0
0.0	-1.0	1.0	0.8031532764434814	0.38014334440231323	1.0	6	0.0	0	0.0	0	-0.09801729023456573	0.0	0.9951847195625305	0.9951847791671753	0.0	0.09801729768514633	0.0	1.0	0.0
-0.19509032368659973	-0.7601821422576904	0.9807852506637573	0.48991188406944275	0.7648196816444397	1.0	6	0.0	0	0.0	0	-0.290284663438797	0.0	0.9569404125213623	0.9569402933120728	0.0	0.2902846336364746	0.0	1.0	0.0
-0.3826834559440613	-1.0	0.9238795042037964	0.4788096845149994	0.7512378692626953	1.0	6	0.0	0	0.0	0	-0.290284663438797	0.0	0.9569404125213623	0.9569402933120728	0.0	0.2902846336364746	0.0	1.0	0.0
-0.19509032368659973	-1.0	0.9807852506637573	0.48991188406944275	0.7512378692626953	1.0	6	0.0	0	0.0	0	-0.290284663438797	0.0	0.9569404125213623	0.9569403529167175	0.0	0.290284663438797	0.0	1.0	0.0
-0.3826834559440613	-0.7601821422576904	0.9238795042037964	0.4535570740699768	0.8086133599281311	1.0	6	0.0	0	0.0	0	-0.47139671444892883	0.0	0.8819212913513184	0.8819212913513184	0.0	0.47139671444892883	0.0	1.0	0.0
-0.5555702447891235	-1.0	0.8314695954322815	0.44245487451553345	0.7950315475463867	1.0	6	0.0	0	0.0	0	-0.47139671444892883	0.0	0.8819212913513184	0.8819212913513184	0.0	0.47139671444892883	0.0	1.0	0.0
-0.3826834559440613	-1.0	0.9238795042037964	0.4535570740699768	0.7950315475463867	1.0	6	0.0	0	0.0	0	-0.47139671444892883	0.0	0.8819212913513184	0.8819212913513184	0.0	0.47139671444892883	0.0	1.0	0.0
-0.5555702447891235	-0.7601821422576904	0.8314695954322815	0.5262666344642639	0.7356238961219788	1.0	6	0.0	0	0.0	0	-0.6343933343887329	0.0	0.7730104327201843	0.7730104327201843	0.0	0.6343933343887329	0.0	1.0	0.0
-0.7071067690849304	-1.0	0.7071067690849304	0.5151644349098206	0.7220420241355896	1.0	6	0.0	0	0.0	0	-0.6343933343887329	0.0	0.7730104327201843	0.7730104327201843	0.0	0.6343933343887329	0.0	1.0	0.0
-0.5555702447891235	-1.0	0.8314695954322815	0.5262666344642639	0.7220420241355896	1.0	6	0.0	0	0.0	0	-0.6343933343887329	0.0	0.7730104327201843	0.7730104327201843	0.0	0.6343933343887329	0.0	1.0	0.0
-0.7071067690849304	-0.7601821422576904	0.7071067690849304	0.49092796444892883	0.7512378096580505	1.0	6	0.0	0	0.0	0	-0.7730104327201843	0.0	0.6343933343887329	-0.6343933343887329	0.0	-0.7730104327201843	0.0	-1.0	0.0
-0.8314695954322815	-1.0	0.5555702447891235	0.5020301342010498	0.7648196816444397	1.0	6	0.0	0	0.0	0	-0.7730104327201843	0.0	0.6343933343887329	-0.6343933343887329	0.0	-0.7730104327201843	0.0	-1.0	0.0
-0.7071067690849304	-1.0	0.7071067690849304	0.49092796444892883	0.7648196816444397	1.0	6	0.0	0	0.0	0	-0.7730104327201843	0.0	0.6343933343887329	-0.6343933343887329	0.0	-0.7730104327201843	0.0	-1.0	0.0
-0.8314695954322815	-0.7601821422576904	0.5555702447891235	0.49092793464660645	0.7366399168968201	1.0	6	0.0	0	0.0	0	-0.8819212913513184	0.0	0.47139671444892883	-0.4713967442512512	0.0	-0.8819212913513184	0.0	-1.0	0.0
-0.9238795042037964	-1.0	0.3826834559440613	0.5020301342010498	0.7502217888832092	1.0	6	0.0	0	0.0	0	-0.8819212913513184	0.0	0.47139671444892883	-0.4713967442512512	0.0	-0.8819212913513184	0.0	-1.0	0.0
-0.8314695954322815	-1.0	0.5555702447891235	0.49092793464660645	0.7502217888832092	1.0	6	0.0	0	0.0	0	-0.8819212913513184	0.0	0.47139671444892883	-0.47139671444892883	0.0	-0.8819212913513184	0.0	-1.0	0.0
-0.9238795042037964	-0.7601821422576904	0.3826834559440613	0.767814576625824	0.38014334440231323	1.0	6	0.0	0	0.0	0	-0.9569404125213623	0.0	0.290284663438797	-0.290284663438797	0.0	-0.9569404125213623	0.0	-1.0	0.0
-0.9807852506637573	-1.0	0.19509032368659973	0.7789167761802673	0.39372518658638	1.0	6	0.0	0	0.0	0	-0.9569404125213623	0.0	0.290284663438797	-0.290284663438797	0.0	-0.9569404125213623	0.0	-1.0	0.0
-0.9238795042037964	-1.0	0.3826834559440613	0.767814576625824	0.39372518658638	1.0	6	0.0	0	0.0	0	-0.9569404125213623	0.0	0.290284663438797	-0.2902846336364746	0.0	-0.9569404125213623	0.0	-1.0	0.0
-0.9807852506637573	-0.7601821422576904	0.19509032368659973	0.4656752943992615	0.7940155267715454	1.0	6	0.0	0	0.0	0	-0.9951847195625305	0.0	0.09801729023456573	0.09801729023456573	0.0	0.9951847195625305	0.0	1.0	0.0
-1.0	-1.0	0.0	0.4545730948448181	0.780433714389801	1.0	6	0.0	0	0.0	0	-0.9951847195625305	0.0	0.09801729023456573	0.09801729023456573	0.0	0.9951847195625305	0.0	1.0	0.0
-0.9807852506637573	-1.0	0.19509032368659973	0.4656752943992615	0.780433714389801	1.0	6	0.0	0	0.0	0	-0.9951847195625305	0.0	0.09801729023456573	0.09801729023456573	0.0	0.9951847195625305	0.0	1.0	0.0
-1.0	-0.7601821422576904	0.0	0.4777936637401581	0.7940154671669006	1.0	6	0.0	0	0.0	0	-0.9951847195625305	0.0	-0.09801729023456573	-0.09801729023456573	0.0	0.9951847195625305	0.0	1.0	0.0
-0.9807852506637573	-1.0	-0.19509032368659973	0.4666914641857147	0.7804335951805115	1.0	6	0.0	0	0.0	0	-0.9951847195625305	0.0	-0.09801729023456573	-0.09801729768514633	0.0	0.9951847791671753	0.0	1.0	0.0
-1.0	-1.0	0.0	0.4777936637401581	0.7804335951805115	1.0	6	0.0	0	0.0	0	-0.9951847195625305	0.0	-0.09801729023456573	-0.09801729768514633	0.0	0.9951847791671753	0.0	1.0	0.0
-0.9807852506637573	-0.7601821422576904	-0.19509032368659973	0.5020301342010498	0.7794175744056702	1.0	6	0.0	0	0.0	0	-0.9569404125213623	0.0	-0.290284663438797	-0.290284663438797	0.0	0.9569404125213623	0.0	1.0	0.0
-0.9238795042037964	-1.0	-0.3826834559440613	0.49092796444892883	0.7658357620239258	1.0	6	0.0	0	0.0	0	-0.9569404125213623	0.0	-0.290284663438797	-0.290284663438797	0.0	0.9569404125213623	0.0	1.0	0.0
-0.9807852506637573	-1.0	-0.19509032368659973	0.5020301342010498	0.7658357620239258	1.0	6	0.0	0	0.0	0	-0.9569404125213623	0.0	-0.290284663438797	-0.290284663438797	0.0	0.9569403529167175	0.0	1.0	0.0
-0.9238795042037964	-0.7601821422576904	-0.3826834559440613	0.5151645541191101	0.765835702419281	1.0	6	0.0	0	0.0	0	-0.8819212913513184	0.0	-0.47139671444892883	0.4713967442512512	0.0	-0.8819212913513184	0.0	-1.0	0.0
-0.8314695954322815	-1.0	-0.5555702447891235	0.5262667536735535	0.7794175148010254	1.0	6	0.0	0	0.0	0	-0.8819212913513184	0.0	-0.47139671444892883	0.4713967442512512	0.0	-0.8819212913513184	0.0	-1.0	0.0
-0.9238795042037964	-1.0	-0.3826834559440613	0.5151645541191101	0.7794175148010254	1.0	6	0.0	0	0.0	0	-0.8819212913513184	0.0	-0.47139671444892883	0.47139671444892883	0.0	-0.8819212913513184	0.0	-1.0	0.0
-0.8314695954322815	-0.7601821422576904	-0.5555702447891235	0.46567532420158386	0.8086134195327759	1.0	6	0.0	0	0.0	0	-0.7730104327201843	0.0	-0.6343933343887329	-0.6343933343887329	0.0	0.7730104327201843	0.0	1.0	0.0
-0.7071067690849304	-1.0	-0.7071067690849304	0.4545731246471405	0.7950315475463867	1.0	6	0.0	0	0.0	0	-0.7730104327201843	0.0	-0.6343933343887329	-0.6343933343887329	0.0	0.7730104327201843	0.0	1.0	0.0
-0.8314695954322815	-1.0	-0.5555702447891235	0.46567532420158386	0.7950315475463867	1.0	6	0.0	0	0.0	0	-0.7730104327201843	0.0	-0.6343933343887329	-0.6343933343887329	0.0	0.7730104327201843	0.0	1.0	0.0
-0.7071067690849304	-0.7601821422576904	-0.7071067690849304	0.5030462145805359	0.7512378096580505	1.0	6	0.0	0	0.0	0	-0.6343933343887329	0.0	-0.7730104327201843	0.7730104327201843	0.0	-0.6343933343887329	0.0	-1.0	0.0
-0.5555702447891235	-1.0	-0.8314695954322815	0.5141484141349792	0.7648196816444397	1.0	6	0.0	0	0.0	0	-0.6343933343887329	0.0	-0.7730104327201843	0.7730104327201843	0.0	-0.6343933343887329	0.0	-1.0	0.0
-0.7071067690849304	-1.0	-0.7071067690849304	0.5030462145805359	0.7648196816444397	1.0	6	0.0	0	0.0	0	-0.6343933343887329	0.0	-0.7730104327201843	0.7730104327201843	0.0	-0.6343933343887329	0.0	-1.0	0.0
-0.5555702447891235	-0.7601821422576904	-0.8314695954322815	0.5030462145805359	0.7366399168968201	1.0	6	0.0	0	0.0	0	-0.47139671444892883	0.0	-0.8819212913513184	0.8819212913513184	0.0	-0.47139671444892883	0.0	-1.0	0.0
-0.3826834559440613	-1.0	-0.9238795042037964	0.5141484141349792	0.7502217888832092	1.0	6	0.0	0	0.0	0	-0.47139671444892883	0.0	-0.8819212913513184	0.8819212913513184	0.0	-0.47139671444892883	0.0	-1.0	0.0
-0.5555702447891235	-1.0	-0.8314695954322815	0.5030462145805359	0.7502217888832092	1.0	6	0.0	0	0.0	0	-0.47139671444892883	0.0	-0.8819212913513184	0.8819212913513184	0.0	-0.47139671444892883	0.0	-1.0	0.0
-0.3826834559440613	-0.7601821422576904	0.9238795042037964	0.32027468085289	0.8993520736694336	1.0	6	0.0	0	0.0	0	0.0	1.0	0.0	0.47139620780944824	0.0	0.8819215297698975	0.8819215297698975	0.0	-0.47139620780944824
0.9238795042037964	-0.7601821422576904	0.3826834559440613	0.32812514901161194	0.9790589809417725	1.0	6	0.0	0	0.0	0	0.0	1.0	0.0	0.47139695286750793	0.0	0.8819211721420288	0.8819211721420288	0.0	-0.47139695286750793
0.3826834559440613	-0.7601821422576904	-0.9238795042037964	0.24841828644275665	0.9869093894958496	1.0	6	0.0	0	0.0	0	0.0	1.0	0.0	0.4713970422744751	0.0	0.881921112537384	0.881921112537384	0.0	-0.4713970422744751
-0.3826834559440613	-0.7601821422576904	-0.9238795042037964	0.44245481491088867	0.7658358216285706	1.0	6	0.0	0	0.0	0	-0.290284663438797	0.0	-0.9569404125213623	0.9569402933120728	0.0	-0.2902846336364746	0.0	-1.0	0.0
-0.19509032368659973	-1.0	-0.9807852506637573	0.45355701446533203	0.7794176340103149	1.0	6	0.0	0	0.0	0	-0.290284663438797	0.0	-0.9569404125213623	0.9569402933120728	0.0	-0.2902846336364746	0.0	-1.0	0.0
-0.3826834559440613	-1.0	-0.9238795042037964	0.44245481491088867	0.7794176340103149	1.0	6	0.0	0	0.0	0	-0.290284663438797	0.0	-0.9569404125213623	0.9569403529167175	0.0	-0.290284663438797	0.0	-1.0	0.0
-0.19509032368659973	-0.7601821422576904	-0.9807852506637573	0.48991188406944275	0.7940154671669006	1.0	6	0.0	0	0.0	0	-0.09801729023456573	0.0	-0.9951847195625305	-0.9951847195625305	0.0	0.09801729023456573	0.0	1.0	0.0
0.0	-1.0	-1.0	0.4788096845149994	0.7804336547851562	1.0	6	0.0	0	0.0	0	-0.09801729023456573	0.0	-0.9951847195625305	-0.9951847195625305	0.0	0.09801729023456573	0.0	1.0	0.0
-0.19509032368659973	-1.0	-0.9807852506637573	0.48991188406944275	0.7804336547851562	1.0	6	0.0	0	0.0	0	-0.09801729023456573	0.0	-0.9951847195625305	-0.9951847195625305	0.0	0.09801729023456573	0.0	1.0	0.0
0.19509032368659973	-1.0	0.9807852506637573	0.5322635769844055	0.8364205360412598	1.0	6	0.0	0	0.0	0	0.0	-1.0	0.0	-0.47139614820480347	0.0	-0.8819215893745422	0.8819215893745422	0.0	-0.47139614820480347
-0.9807852506637573	-1.0	0.19509032368659973	0.6028988361358643	0.7986652255058289	1.0	6	0.0	0	0.0	0	0.0	-1.0	0.0	-0.47139692306518555	0.0	-0.8819211721420288	0.8819211721420288	0.0	-0.47139692306518555
-0.19509032368659973	-1.0	-0.9807852506637573	0.6406541466712952	0.8693004846572876	1.0	6	0.0	0	0.0	0	0.0	-1.0	0.0	-0.4713973104953766	0.0	-0.8819209337234497	0.8819209337234497	0.0	-0.4713973104953766
-1.1866559982299805	-5.181281089782715	-6.618032455444336	0.767814576625824	0.0005080265691503882	0.5	1	0.5	0	0.0	0	0.5147305130958557	0.012897524051368237	0.8572550415992737	0.8562434315681458	0.04309826344251633	-0.5147715210914612	-0.043585482984781265	0.9989875555038452	0.011140571907162666
0.5515120625495911	-0.9093663692474365	-7.725970268249512	0.894830048084259	0.2372089922428131	1.0	0	0.0	0	0.0	0	0.5147305130958557	0.012897524051368237	0.8572550415992737	0.8562434315681458	0.04309826344251633	-0.5147715210914612	-0.043585482984781265	0.9989875555038452	0.011140571907162666
-1.3688223361968994	-1.0060255527496338	-6.571469783782959	0.767814576625824	0.23720897734165192	0.5	1	0.5	0	0.0	0	0.5147305130958557	0.012897524051368237	0.8572550415992737	0.8562434315681458	0.04309826344251633	-0.5147715210914612	-0.043585482984781265	0.9989875555038452	0.011140571907162666
-4.732438564300537	-5.325511932373047	-7.5570478439331055	0.2372090071439743	0.6480363607406616	1.0	1	0.0	0	0.0	0	0.8562435507774353	0.04309864714741707	-0.5147714614868164	0.043585874140262604	-0.99898761510849	-0.011140665970742702	-0.5147304534912109	-0.012897640466690063	-0.8572551012039185
0.9705987572669983	-1.002791404724121	2.290997266769409	0.0005080404807813466	0.0005080405389890075	1.0	4	0.0	0	0.0	0	0.8562435507774353	0.04309864714741707	-0.5147714614868164	0.043585870414972305	-0.9989875555038452	-0.011140664108097553	-0.5147304534912109	-0.012897641398012638	-0.8572551608085632
1.1527647972106934	-5.178047180175781	2.244434118270874	0.23720905184745789	0.0005081206327304244	1.0	4	0.0	0	0.0	0	0.8562435507774353	0.04309864714741707	-0.5147714614868164	0.043585870414972305	-0.9989875555038452	-0.011140665039420128	-0.5147304534912109	-0.012897641398012638	-0.8572551608085632
-1.3688223361968994	-1.0060255527496338	-6.571469783782959	0.5290814638137817	0.14956629276275635	0.5	1	0.5	0	0.0	0	0.043585777282714844	-0.9989875555038452	-0.011140759103000164	0.8562434911727905	0.04309861734509468	-0.514771580696106	0.5147305130958557	0.01289751660078764	0.8572549819946289
2.2392141819000244	-0.9156196117401123	-0.5624837875366211	0.5290815234184265	0.5465459227561951	0.5	4	0.5	0	0.0	0	0.043585777282714844	-0.9989875555038452	-0.011140759103000164	0.8562434315681458	0.04309861734509468	-0.514771580696106	0.5147305727005005	0.012897517532110214	0.8572550415992737
0.9705987572669983	-1.002791404724121	2.290997266769409	0.3841613531112671	0.6480363607406616	1.0	4	0.0	0	0.0	0	0.043585777282714844	-0.9989875555038452	-0.011140759103000164	0.8562434911727905	0.04309861734509468	-0.514771580696106	0.5147305130958557	0.01289751660078764	0.8572549819946289
1.1527647972106934	-5.178047180175781	2.244434118270874	0.383145272731781	0.6480363011360168	1.0	4	0.0	0	0.0	0	-0.04358593374490738	0.99898761510849	0.011140606366097927	-0.8562434315681458	-0.04309866949915886	0.5147715210914612	0.5147305130958557	0.012897724285721779	0.8572549819946289
3.3437986373901367	-5.06776237487793	0.927189826965332	0.23822513222694397	0.6480363011360168	1.0	4	0.0	0	0.0	0	-0.04358593374490738	0.99898761510849	0.011140606366097927	-0.8562434315681458	-0.04309866577386856	0.5147714614868164	0.5147304534912109	0.01289772056043148	0.8572549819946289
2.4213805198669434	-5.090875625610352	-0.609046459197998	0.23822511732578278	0.5465459227561951	0.5	4	0.5	0	0.0	0	-0.04358593374490738	0.99898761510849	0.011140606366097927	-0.856243371963501	-0.04309866577386856	0.5147714614868164	0.5147305130958557	0.012897724285721779	0.8572550415992737
-2.541405200958252	-5.215227127075195	-8.874292373657227	0.29550257325172424	0.6490524411201477	1.0	1	0.0	0	0.0	0	0.5147306323051453	0.012897408567368984	0.8572549819946289	0.856243371963501	0.04309908300638199	-0.5147716403007507	-0.0435861237347126	0.99898761510849	0.011141098104417324
-4.914604663848877	-1.1502561569213867	-7.51048469543457	0.15058237314224243	0.8857533931732178	1.0	1	0.0	0	0.0	0	0.5147306323051453	0.012897408567368984	0.8572549819946289	0.8562433123588562	0.04309908300638199	-0.514771580696106	-0.0435861237347126	0.9989875555038452	0.011141098104417324
-4.732438564300537	-5.325511932373047	-7.5570478439331055	0.15058240294456482	0.6490525007247925	1.0	1	0.0	0	0.0	0	0.5147306323051453	0.012897408567368984	0.8572549819946289	0.856243371963501	0.04309908300638199	-0.5147716403007507	-0.0435861237347126	0.99898761510849	0.011141098104417324
-1.3688223361968994	-1.0060255527496338	-6.571469783782959	0.0005080400151200593	0.6490524411201477	0.5	1	0.5	0	0.0	0	-0.8562434911727905	-0.04309864714741707	0.5147714614868164	-0.5147304534912109	-0.01289726048707962	-0.8572551012039185	0.043585676699876785	-0.99898761510849	-0.011140991002321243
-2.541405200958252	-5.215227127075195	-8.874292373657227	0.14956632256507874	0.8857534527778625	1.0	1	0.0	0	0.0	0	-0.8562434911727905	-0.04309864714741707	0.5147714614868164	-0.5147304534912109	-0.012897257693111897	-0.8572551012039185	0.04358567297458649	-0.99898761510849	-0.011140993796288967
-1.1866559982299805	-5.181281089782715	-6.618032455444336	0.0005080296541564167	0.8857533931732178	0.5	1	0.5	0	0.0	0	-0.8562434911727905	-0.04309864714741707	0.5147714614868164	-0.5147304534912109	-0.012897257693111897	-0.8572551012039185	0.04358567297458649	-0.9989875555038452	-0.011140991933643818
3.161632537841797	-0.8925065994262695	0.9737529754638672	0.29651862382888794	0.8857533931732178	1.0	4	0.0	0	0.0	0	-0.5147305130958557	-0.01289739552885294	-0.8572551012039185	-0.8562434911727905	-0.04309866577386856	0.5147715210914612	-0.04358575493097305	0.9989875555038452	0.011140885762870312
1.1527647972106934	-5.178047180175781	2.244434118270874	0.44143879413604736	0.6490524411201477	1.0	4	0.0	0	0.0	0	-0.5147305130958557	-0.01289739552885294	-0.8572551012039185	-0.856243371963501	-0.04309866577386856	0.5147714614868164	-0.04358576238155365	0.9989875555038452	0.011140887625515461
0.9705987572669983	-1.002791404724121	2.290997266769409	0.441438764333725	0.8857533931732178	1.0	4	0.0	0	0.0	0	-0.5147305130958557	-0.01289739552885294	-0.8572551012039185	-0.856243371963501	-0.04309866204857826	0.5147714614868164	-0.04358575865626335	0.9989875555038452	0.011140885762870312
2.2392141819000244	-0.9156196117401123	-0.5624837875366211	0.7861607074737549	0.8729216456413269	0.5	4	0.5	0	0.0	0	-0.8562434911727905	-0.043098654597997665	0.5147714614868164	0.5147304534912109	0.012897591106593609	0.8572551012039185	-0.04358585178852081	0.9989875555038452	0.01114070974290371
3.3437986373901367	-5.06776237487793	0.927189826965332	0.8876510858535767	0.6362206935882568	1.0	4	0.0	0	0.0	0	-0.8562434911727905	-0.043098654597997665	0.5147714614868164	0.5147304534912109	0.012897588312625885	0.8572550415992737	-0.043585848063230515	0.9989875555038452	0.011140713468194008
3.161632537841797	-0.8925065994262695	0.9737529754638672	0.8876511454582214	0.8729216456413269	1.0	4	0.0	0	0.0	0	-0.8562434911727905	-0.043098654597997665	0.5147714614868164	0.5147304534912109	0.012897588312625885	0.8572551012039185	-0.043585848063230515	0.9989875555038452	0.011140712536871433
4.341714859008789	-4.994215965270996	-1.7635468244552612	0.7667985558509827	0.3974875509738922	1.0	0	0.0	0	0.0	0	-0.8562434911727905	-0.04309859126806259	0.5147714614868164	0.04358578473329544	-0.99898761510849	-0.011140704154968262	0.5147304534912109	0.012897560372948647	0.8572550415992737
0.5515120625495911	-0.9093663692474365	-7.725970268249512	0.5300975441932678	0.0005080544506199658	1.0	0	0.0	0	0.0	0	-0.8562434911727905	-0.04309859126806259	0.5147714614868164	0.04358578473329544	-0.99898761510849	-0.011140706017613411	0.5147304534912109	0.012897558510303497	0.8572550415992737
0.73367840051651	-5.084622383117676	-7.7725324630737305	0.7667985558509827	0.0005080544506199658	1.0	0	0.0	0	0.0	0	-0.8562434911727905	-0.04309859126806259	0.5147714614868164	0.04358578100800514	-0.9989875555038452	-0.011140704154968262	0.5147304534912109	0.012897560372948647	0.8572551012039185
-1.3688223361968994	-1.0060255527496338	-6.571469783782959	0.5300976037979126	0.3985035717487335	0.5	1	0.5	0	0.0	0	0.04358579218387604	-0.9989875555038452	-0.011140765622258186	0.8562434315681458	0.043098632246255875	-0.5147715210914612	0.5147305130958557	0.012897517532110214	0.8572550415992737
4.159548759460449	-0.818960428237915	-1.7169841527938843	0.6571131348609924	0.7954831719398499	1.0	0	0.0	0	0.0	0	0.04358579218387604	-0.9989875555038452	-0.011140765622258186	0.8562434315681458	0.043098628520965576	-0.5147714614868164	0.5147304534912109	0.012897513806819916	0.8572550415992737
2.2392141819000244	-0.9156196117401123	-0.5624837875366211	0.5300976037979126	0.7954831719398499	0.5	4	0.5	0	0.0	0	0.04358579218387604	-0.9989875555038452	-0.011140765622258186	0.8562434315681458	0.043098632246255875	-0.5147715210914612	0.5147305130958557	0.012897517532110214	0.8572550415992737
-1.1866559982299805	-5.181281089782715	-6.618032455444336	0.658129096031189	0.7954831719398499	0.5	1	0.5	0	0.0	0	-0.0435856468975544	0.9989875555038452	0.011140602640807629	0.8562436103820801	0.04309842735528946	-0.5147714018821716	-0.5147303342819214	-0.012897574342787266	-0.857255220413208
4.341714859008789	-4.994215965270996	-1.7635468244552612	0.785144567489624	0.3985036015510559	1.0	0	0.0	0	0.0	0	-0.0435856468975544	0.9989875555038452	0.011140602640807629	0.8562435507774353	0.04309842735528946	-0.5147713422775269	-0.5147302746772766	-0.012897571548819542	-0.8572551608085632
0.73367840051651	-5.084622383117676	-7.7725324630737305	0.785144567489624	0.7954831719398499	1.0	0	0.0	0	0.0	0	-0.0435856468975544	0.9989875555038452	0.011140602640807629	0.8562435507774353	0.04309842735528946	-0.5147713422775269	-0.5147302746772766	-0.012897571548819542	-0.8572551608085632
2.2392141819000244	-0.9156196117401123	-0.5624837875366211	0.9131760597229004	0.6352046132087708	0.5	4	0.5	0	0.0	0	-0.5147304534912109	-0.012897548265755177	-0.8572550415992737	-0.8562434315681458	-0.043098609894514084	0.5147714614868164	-0.04358579218387604	0.9989875555038452	0.011140726506710052
4.341714859008789	-4.994215965270996	-1.7635468244552612	0.7861605882644653	0.39850372076034546	1.0	0	0.0	0	0.0	0	-0.5147304534912109	-0.012897548265755177	-0.8572550415992737	-0.856243371963501	-0.043098606169223785	0.5147714614868164	-0.04358579218387604	0.99898761510849	0.011140725575387478
2.4213805198669434	-5.090875625610352	-0.609046459197998	0.9131760597229004	0.39850369095802307	0.5	4	0.5	0	0.0	0	-0.5147304534912109	-0.012897548265755177	-0.8572550415992737	-0.8562434315681458	-0.043098609894514084	0.5147714614868164	-0.04358579218387604	0.9989875555038452	0.011140726506710052
-3.36003041267395	-5.466672897338867	-6.539463520050049	0.7752629518508911	0.32648077607154846	1.0	2	0.0	0	0.0	0	-0.29741692543029785	0.021842792630195618	-0.9544978141784668	0.3133748769760132	0.9465847611427307	-0.0759844034910202	0.9018533825874329	-0.3217146694660187	-0.28837528824806213
-3.560211181640625	-5.240165710449219	-6.471904754638672	0.7835623621940613	0.31102612614631653	0	0	0	0	0	0	-0.29741692543029785	0.021842792630195618	-0.9544978141784668	0.3133748769760132	0.9465847015380859	-0.07598438858985901	0.9018533229827881	-0.3217146694660187	-0.2883753180503845
-3.3733654022216797	-5.227419853210449	-6.5298333168029785	0.7878109216690063	0.321283221244812	0	0	0	0	0	0	-0.29741692543029785	0.021842792630195618	-0.9544978141784668	0.3133748471736908	0.9465847015380859	-0.0759843960404396	0.9018533229827881	-0.3217146396636963	-0.28837528824806213
-3.560211181640625	-5.240165710449219	-6.471904754638672	0.7835623621940613	0.31102612614631653	0	0	0	0	0	0	-0.4776475727558136	0.008738807402551174	-0.8785080909729004	0.11651790887117386	0.9917473793029785	-0.05348591506481171	0.8707906603813171	-0.1279093474149704	-0.4747239649295807
-3.718756914138794	-5.492754936218262	-6.3882155418396	0.7680755257606506	0.3027869760990143	1.0	2	0.0	0	0.0	0	-0.4776475727558136	0.008738807402551174	-0.8785080909729004	0.11651790887117386	0.9917473793029785	-0.05348591506481171	0.8707907199859619	-0.1279093325138092	-0.4747239649295807
-3.7320919036865234	-5.253501892089844	-6.378585338592529	0.7813963890075684	0.3001372814178467	0	0	0	0	0	0	-0.4776475727558136	0.008738807402551174	-0.8785080909729004	0.11651791632175446	0.9917474389076233	-0.053485918790102005	0.8707907199859619	-0.1279093474149704	-0.4747239947319031
-3.7320919036865234	-5.253501892089844	-6.378585338592529	0.7813963890075684	0.3001372814178467	0	0	0	0	0	0	-0.639522910118103	-0.004701675847172737	-0.7687577605247498	-0.055607348680496216	0.9976447820663452	0.0401577353477478	0.7667583227157593	0.06843037158250809	-0.6382781267166138
-3.869067668914795	-5.506168842315674	-6.263091087341309	0.767814576625824	0.2890350818634033	1.0	2	0.0	0	0.0	0	-0.639522910118103	-0.004701675847172737	-0.7687577605247498	-0.055607348680496216	0.99764484167099	0.0401577390730381	0.766758382320404	0.06843037158250809	-0.6382781863212585
-3.8824028968811035	-5.266915798187256	-6.253460884094238	0.7813963890075684	0.2890351116657257	0	0	0	0	0	0	-0.639522910118103	-0.004701675847172737	-0.7687577605247498	-0.055607352405786514	0.9976449012756348	0.0401577353477478	0.7667583227157593	0.06843036413192749	-0.6382781267166138
-3.869067668914795	-5.506168842315674	-6.263091087341309	0.7807952165603638	0.824678897857666	1.0	2	0.0	0	0.0	0	-0.7768227458000183	-0.017961101606488228	-0.6294631958007812	0.6272594928741455	0.0661957636475563	-0.7759920358657837	0.05560546740889549	-0.9976450204849243	-0.040156103670597076
-4.005367279052734	-5.279892444610596	-6.101339817047119	0.7696929574012756	0.8110970854759216	1.0	2	0.0	0	0.0	0	-0.7768227458000183	-0.017961101606488228	-0.6294631958007812	0.6272594928741455	0.0661957636475563	-0.7759920358657837	0.05560546740889549	-0.9976450204849243	-0.040156103670597076
-3.8824028968811035	-5.266915798187256	-6.253460884094238	0.7807952165603638	0.8110970854759216	0	0	0	0	0	0	-0.7768227458000183	-0.017961101606488228	-0.6294631958007812	0.6272594928741455	0.0661957636475563	-0.7759920358657837	0.05560546740889549	-0.9976450204849243	-0.040156103670597076
-3.992032289505005	-5.519145965576172	-6.1109700202941895	0.45355701446533203	0.7064281105995178	1.0	2	0.0	0	0.0	0	-0.8842676877975464	-0.030529150739312172	-0.4659813940525055	0.4636579751968384	0.06142096593976021	-0.8838827013969421	0.055605217814445496	-0.9976449012756348	-0.0401574932038784
-4.096260070800781	-5.291933059692383	-5.9280686378479	0.44245481491088867	0.6928462386131287	1.0	2	0.0	0	0.0	0	-0.8842676877975464	-0.030529150739312172	-0.4659813940525055	0.46365800499916077	0.06142096966505051	-0.8838827610015869	0.055605217814445496	-0.9976449608802795	-0.0401574932038784
-4.005367279052734	-5.279892444610596	-6.101339817047119	0.45355701446533203	0.6928462386131287	1.0	2	0.0	0	0.0	0	-0.8842676877975464	-0.030529150739312172	-0.4659813940525055	0.46365800499916077	0.061420973390340805	-0.8838827610015869	0.055605221539735794	-0.9976449608802795	-0.0401574969291687
-4.082924842834473	-5.531186103820801	-5.937698841094971	0.4777936339378357	0.6626342535018921	1.0	2	0.0	0	0.0	0	-0.9577322602272034	-0.04192599281668663	-0.28458964824676514	0.28223609924316406	0.05427888035774231	-0.9578081965446472	0.055604271590709686	-0.9976452589035034	-0.040151603519916534
-4.151587963104248	-5.302574634552002	-5.740305423736572	0.4666914641857147	0.6490524411201477	1.0	2	0.0	0	0.0	0	-0.9577322602272034	-0.04192599281668663	-0.28458964824676514	0.28223609924316406	0.05427888408303261	-0.9578081965446472	0.055604271590709686	-0.9976452589035034	-0.04015160724520683
-4.096260070800781	-5.291933059692383	-5.9280686378479	0.4777936339378357	0.6490523815155029	1.0	2	0.0	0	0.0	0	-0.9577322602272034	-0.04192599281668663	-0.28458964824676514	0.28223609924316406	0.05427887663245201	-0.9578081965446472	0.055604271590709686	-0.9976452589035034	-0.040151599794626236
-4.151587963104248	-5.302574634552002	-5.740305423736572	0.4545731246471405	0.6772322058677673	1.0	2	0.0	0	0.0	0	-0.9943909645080566	-0.05171038582921028	-0.09226378798484802	-0.08997005969285965	-0.04506043344736099	0.9949246644973755	-0.055605385452508926	0.9976450800895691	0.04015530273318291
-4.155889987945557	-5.550661087036133	-5.554896354675293	0.46567532420158386	0.663650393486023	1.0	2	0.0	0	0.0	0	-0.9943909645080566	-0.05171038582921028	-0.09226378798484802	-0.08997005969285965	-0.04506043344736099	0.9949246644973755	-0.055605385452508926	0.9976450800895691	0.04015530273318291
-4.169225215911865	-5.311408042907715	-5.5452656745910645	0.46567535400390625	0.6772322058677673	1.0	2	0.0	0	0.0	0	-0.9943909645080566	-0.05171038582921028	-0.09226378798484802	-0.08997005969285965	-0.045060429722070694	0.9949246048927307	-0.05560538172721863	0.9976450204849243	0.04015529900789261
-4.155889987945557	-5.550661087036133	-5.554896354675293	0.8273898959159851	0.37912729382514954	1.0	2	0.0	0	0.0	0	-0.9928361177444458	-0.0595083013176918	0.10361117869615555	-0.10575681179761887	0.03410744667053223	-0.9938069581985474	0.05560585483908653	-0.9976450204849243	-0.040156517177820206
-4.14849328994751	-5.318094253540039	-5.350445747375488	0.8162876963615417	0.36554545164108276	1.0	2	0.0	0	0.0	0	-0.9928361177444458	-0.0595083013176918	0.10361117869615555	-0.10575681179761887	0.03410744667053223	-0.9938069581985474	0.05560585483908653	-0.9976450204849243	-0.04015651345252991
-4.169225215911865	-5.311408042907715	-5.5452656745910645	0.8273898959159851	0.36554545164108276	1.0	2	0.0	0	0.0	0	-0.9928361177444458	-0.0595083013176918	0.10361117869615555	-0.10575680434703827	0.03410744667053223	-0.9938068985939026	0.055605851113796234	-0.9976449608802795	-0.04015651345252991
-4.135158538818359	-5.557347297668457	-5.360075950622559	0.4656752645969391	0.7064281105995178	1.0	2	0.0	0	0.0	0	-0.9531273245811462	-0.06501676142215729	0.2955016791820526	-0.2974165976047516	0.02184314653277397	-0.9544979333877563	0.055603668093681335	-0.9976450800895691	-0.04015636071562767
-4.090189456939697	-5.322376251220703	-5.163331508636475	0.4545730650424957	0.6928462982177734	1.0	2	0.0	0	0.0	0	-0.9531273245811462	-0.06501676142215729	0.2955016791820526	-0.2974165976047516	0.021843144670128822	-0.9544978737831116	0.055603668093681335	-0.9976450204849243	-0.04015636071562767
-4.14849328994751	-5.318094253540039	-5.350445747375488	0.4656752645969391	0.6928462982177734	1.0	2	0.0	0	0.0	0	-0.9531273245811462	-0.06501676142215729	0.2955016791820526	-0.2974165976047516	0.02184314653277397	-0.9544978737831116	0.05560366436839104	-0.9976450204849243	-0.04015636071562767
